1000, 40, 40.0, 40.0, 40.0, 40.0, 0.0, 0.0, 321.2, 0.0, 678.8, 12432.402061574376, 12.664772150709169, 0.0, 27.842767398372633, 25.009008296732, 12.609799142408225, 10.699744375152159, 16.867270065227064, 1000, 1000, 1, 1000
1000, 40, 40.0, 40.0, 40.0, 40.0, 0.0, 0.0, 182.94, 0.0, 817.06, 12425.814467832744, 12.08206006775048, 6.076680623263297, 74.21659045468735, 24.973206525796524, 12.455415247822602, 14.21591424227736, 20.435873799698538, 1000, 1000, 2, 1000
1000, 40, 40.0, 40.0, 40.0, 40.0, 0.0, 0.0, 111.71, 0.0, 888.29, 12418.782070446725, 13.151273248095238, 12.667032168308284, 133.48254079760991, 24.989343959096388, 12.636505111606205, 15.81575488301399, 22.091647142100452, 1000, 1000, 3, 1000
1000, 40, 40.0, 40.0, 40.0, 40.0, 0.0, 0.0, 79.1, 0.0, 920.9, 12508.962701812827, 11.683245101913224, 19.336809083707188, 198.3502076566071, 25.06937151980326, 12.373884682742585, 16.858091846705552, 23.107832366453522, 1000, 1000, 4, 1000
1000, 40, 40.0, 40.0, 40.0, 40.0, 0.0, 0.0, 52.22, 0.0, 947.78, 12458.849117029298, 12.476656217432216, 25.106137502694178, 286.8461033384076, 25.051066662902485, 12.518300724763064, 17.437270885039826, 23.647139429840273, 1000, 1000, 5, 1000
1000, 40, 40.0, 40.0, 40.0, 40.0, 0.0, 0.0, 38.16, 0.0, 961.84, 12494.884356304354, 12.692417071520763, 29.53113198441364, 336.62967947118295, 25.08898876765837, 12.544072411286468, 17.75573593095844, 24.117263252422518, 1000, 1000, 6, 1000
1000, 40, 40.0, 40.0, 40.0, 40.0, 0.0, 0.0, 26.59, 0.0, 973.41, 12446.530926658175, 12.900698057112324, 34.52562714986125, 411.394516582724, 25.02992170091159, 12.563793456830172, 18.0757390984289, 24.41385993967426, 1000, 1000, 7, 1000
1000, 40, 40.0, 40.0, 40.0, 40.0, 0.0, 0.0, 21.34, 0.0, 978.66, 12406.30762501575, 12.386115345724868, 38.462168275026386, 368.7554184199898, 24.975843475490937, 12.565862990754184, 18.198227108961014, 24.28653966319178, 1000, 1000, 8, 1000
1000, 40, 40.0, 40.0, 40.0, 40.0, 0.0, 0.0, 13.71, 0.0, 986.29, 12458.612292954873, 12.091231454548403, 40.067746396214545, 415.1037176280058, 25.055255825285066, 12.446930798905266, 18.30962808160749, 24.591973408272708, 1000, 1000, 9, 1000
1000, 40, 40.0, 40.0, 40.0, 40.0, 0.0, 0.0, 10.53, 0.0, 989.47, 12450.695919058886, 12.518116627527036, 44.69681775243444, 506.33797219691087, 25.02309066196548, 12.487030015652293, 18.553731172083996, 24.760304044325498, 1000, 1000, 10, 1000
1000, 40, 40.0, 40.0, 40.0, 40.0, 0.0, 0.0, 7.81, 0.0, 992.19, 12368.130755006097, 11.73910460335762, 48.06052513090066, 483.466120101086, 24.934432875684642, 12.415448067885436, 18.69209475398693, 24.68698927632449, 1000, 1000, 11, 1000
1000, 40, 40.0, 40.0, 40.0, 40.0, 0.0, 0.0, 5.66, 0.0, 994.34, 12501.272156817346, 12.473163667407862, 45.85988479848734, 488.9457679457233, 25.14820837564355, 12.542470218098943, 18.63427167612492, 24.831116381618678, 1000, 1000, 12, 1000
1000, 40, 40.0, 40.0, 40.0, 40.0, 0.0, 0.0, 3.92, 0.0, 996.08, 12397.037795280703, 12.40692940915629, 48.12268032758025, 548.4280378191334, 24.97241789325743, 12.458859959977987, 18.59037615397858, 24.95416565788412, 1000, 1000, 13, 1000
1000, 40, 40.0, 40.0, 40.0, 40.0, 0.0, 0.0, 2.98, 0.0, 997.02, 12506.162552401429, 12.729746608324767, 51.97056796707807, 506.875954751149, 25.11294208538116, 12.559984493046937, 18.769609284179513, 25.00293213493522, 1000, 1000, 14, 1000
1000, 40, 40.0, 40.0, 40.0, 40.0, 0.0, 0.0, 1.74, 0.0, 998.26, 12451.67692471159, 12.675203628959872, 49.46876319778454, 511.854232536424, 25.10056661640684, 12.532227946784147, 18.658956920998445, 24.79795472086695, 1000, 1000, 15, 1000
1000, 40, 40.0, 40.0, 40.0, 40.0, 0.0, 0.0, 2.09, 0.0, 997.91, 12422.249052359692, 12.35666575206931, 53.45189890418844, 533.9849269609326, 24.953150357741308, 12.464475093671759, 18.67721968572132, 24.888649859598022, 1000, 1000, 16, 1000
1000, 40, 40.0, 40.0, 40.0, 40.0, 0.0, 0.0, 1.14, 0.0, 998.86, 12458.527268222237, 12.223056744618454, 51.36327834754532, 582.3737141636688, 25.041540169677475, 12.427624150075602, 18.700591856526277, 25.096180577505542, 1000, 1000, 17, 1000
1000, 40, 40.0, 40.0, 40.0, 40.0, 0.0, 0.0, 0.98, 0.0, 999.02, 12410.052089643106, 12.376520962530003, 54.19209798769394, 588.5036517936084, 24.948086421715967, 12.560086848561625, 18.785534328324058, 25.06960465243839, 1000, 1000, 18, 1000
1000, 40, 40.0, 40.0, 40.0, 40.0, 0.0, 0.0, 0.88, 0.0, 999.12, 12519.150377461863, 12.295137818729193, 53.3991848398026, 478.3773273818876, 25.12179188973525, 12.525782480864043, 18.818173298789436, 24.946142437483847, 1000, 1000, 19, 1000
1000, 40, 40.0, 40.0, 40.0, 40.0, 0.0, 0.0, 0.16, 0.0, 999.84, 12416.587154365034, 12.56299685086005, 55.584982970267426, 537.8282972992364, 24.923155747417887, 12.539675984935108, 18.876762995564818, 24.953156805849243, 1000, 1000, 20, 1000
1000, 40, 40.0, 40.0, 40.0, 40.0, 0.0, 0.0, 0.64, 0.0, 999.36, 12330.593445455122, 12.497690363029644, 54.60540184426472, 566.4868179180866, 24.870733836262637, 12.519426885099545, 18.68834844967536, 25.009870648217316, 1000, 1000, 21, 1000
1000, 40, 40.0, 40.0, 40.0, 40.0, 0.0, 0.0, 0.34, 0.0, 999.66, 12432.865462983944, 12.314824581662734, 53.90372113293753, 561.7086144736498, 24.955700237685946, 12.519988556452724, 18.698038345545726, 24.948860129979206, 1000, 1000, 22, 1000
1000, 40, 40.0, 40.0, 40.0, 40.0, 0.0, 0.0, 0.17, 0.0, 999.83, 12509.697165985543, 12.242791109883376, 53.33908847671007, 501.5957665875301, 25.206443939837637, 12.532426322381845, 18.795730754101232, 25.07359408409811, 1000, 1000, 23, 1000
1000, 40, 40.0, 40.0, 40.0, 40.0, 0.0, 0.0, 0.04, 0.0, 999.96, 12423.162356235205, 12.844111063796415, 54.29536280245007, 609.6434567616183, 24.886236577229678, 12.522682311284937, 18.703041991742865, 25.049610800043567, 1000, 1000, 24, 1000
1000, 40, 40.0, 40.0, 40.0, 40.0, 0.0, 0.0, 0.19, 0.0, 999.81, 12403.994473705003, 12.76024026467606, 56.02652576227713, 588.3353110350099, 24.91292272953064, 12.559724610443915, 18.69654841570648, 24.985403613607005, 1000, 1000, 25, 1000
1000, 40, 40.0, 40.0, 40.0, 40.0, 0.0, 0.0, 0.03, 0.0, 999.97, 12454.838087305056, 12.439677485251414, 53.37625877082732, 526.3675097148943, 24.98621933963027, 12.464389782244748, 18.63873590534336, 24.88325113136935, 1000, 1000, 26, 1000
1000, 40, 40.0, 40.0, 40.0, 40.0, 0.0, 0.0, 0.0, 0.0, 1000.0, 12426.238735049315, 12.709295720507807, 55.20638345581123, 559.6224705648117, 24.97080402834786, 12.50777196257592, 18.782164943871763, 25.035720801919332, 1000, 1000, 27, 1000
1000, 40, 40.0, 40.0, 40.0, 40.0, 0.0, 0.0, 0.0, 0.0, 1000.0, 12410.75916906398, 12.772316691044063, 55.09048757487043, 558.9742450539335, 24.937474092172792, 12.590911837770285, 18.829828951484547, 24.979982798009733, 1000, 1000, 28, 1000
1000, 40, 40.0, 40.0, 40.0, 40.0, 0.0, 0.0, 0.0, 0.0, 1000.0, 12358.91998524101, 12.31915591072217, 54.48435130111842, 639.0622801532074, 24.92488328941649, 12.500902099933246, 18.678647993650493, 25.08844076160813, 1000, 1000, 29, 1000
1000, 40, 40.0, 40.0, 40.0, 40.0, 0.0, 0.0, 0.0, 0.0, 1000.0, 12455.716736308264, 12.234254775566757, 55.15399150365474, 548.5457066230348, 25.00662625330916, 12.453724504224114, 18.764482824982405, 24.995763441043067, 1000, 1000, 30, 1000
1000, 40, 40.0, 40.0, 40.0, 40.0, 0.0, 0.0, 0.01, 0.0, 999.99, 12467.312772824227, 12.120318159113838, 54.0853501636113, 547.1743596361233, 25.017836734486632, 12.375446689107651, 18.735824812446552, 24.9848401594232, 1000, 1000, 31, 1000
1000, 40, 40.0, 40.0, 40.0, 40.0, 0.0, 0.0, 0.05, 0.0, 999.95, 12411.924324516556, 12.559427208249959, 52.853211507817335, 602.7117404332431, 24.97550775800601, 12.498405972817077, 18.758216905416916, 25.126361165870197, 1000, 1000, 32, 1000
1000, 40, 40.0, 40.0, 40.0, 40.0, 0.0, 0.0, 0.0, 0.0, 1000.0, 12436.702965523913, 12.436292770487723, 54.59750542631619, 536.7002032089728, 25.045929099025965, 12.452205709240618, 18.829556631821976, 24.968900253289856, 1000, 1000, 33, 1000
1000, 40, 40.0, 40.0, 40.0, 40.0, 0.0, 0.0, 0.0, 0.0, 1000.0, 12393.436681918689, 12.217060546731918, 54.112904291070315, 545.5054682040484, 24.93446506570209, 12.45020868058464, 18.64413679298204, 24.86815145275716, 1000, 1000, 34, 1000
1000, 40, 40.0, 40.0, 40.0, 40.0, 0.0, 0.0, 0.0, 0.0, 1000.0, 12495.113804690447, 12.563629508309784, 54.766815036028184, 546.4927246425408, 25.10335905109394, 12.524508347028632, 18.72386936269985, 24.931898787943982, 1000, 1000, 35, 1000
1000, 40, 40.0, 40.0, 40.0, 40.0, 0.0, 0.0, 0.0, 0.0, 1000.0, 12465.823664392701, 12.006089159919117, 51.72918026039418, 583.4467632639814, 25.116314545568788, 12.444207712095345, 18.65739086319422, 25.12251371560876, 1000, 1000, 36, 1000
1000, 40, 40.0, 40.0, 40.0, 40.0, 0.0, 0.0, 0.0, 0.0, 1000.0, 12423.858668725388, 12.88901233919478, 52.6955391860048, 493.67736265785044, 24.96880452382185, 12.600648912156652, 18.687405399609, 24.732356819176253, 1000, 1000, 37, 1000
1000, 40, 40.0, 40.0, 40.0, 40.0, 0.0, 0.0, 0.0, 0.0, 1000.0, 12436.543097263426, 12.51990476548985, 55.851130199749726, 585.2947497612197, 25.055480983485804, 12.573260765037094, 18.72894340703661, 25.065912640828305, 1000, 1000, 38, 1000
1000, 40, 40.0, 40.0, 40.0, 40.0, 0.0, 0.0, 0.0, 0.0, 1000.0, 12422.017925703554, 12.523719596961621, 54.77862954912334, 572.997538797411, 24.983224725600426, 12.54493911608703, 18.661720155627624, 25.08628124527976, 1000, 1000, 39, 1000
1000, 40, 40.0, 40.0, 40.0, 40.0, 0.0, 0.0, 0.0, 0.0, 1000.0, 12421.716979284427, 12.464041829243294, 56.81587599120336, 600.5501198187856, 24.925065984203925, 12.423786676981127, 18.856508248336894, 25.07752941431545, 1000, 1000, 40, 1000
1000, 40, 40.0, 40.0, 40.0, 40.0, 0.0, 0.0, 0.0, 0.0, 1000.0, 12454.994317014925, 12.623646084316794, 53.290424110175266, 552.7262829688538, 25.083064704900103, 12.53262112738628, 18.725588381325355, 24.967569249421313, 1000, 1000, 41, 1000
1000, 40, 40.0, 40.0, 40.0, 40.0, 0.0, 0.0, 0.0, 0.0, 1000.0, 12477.61868021046, 12.512343302612962, 53.74693973307675, 531.6735846988511, 25.03171047963542, 12.539423463274808, 18.728973365816117, 24.976465952732756, 1000, 1000, 42, 1000
1000, 40, 40.0, 40.0, 40.0, 40.0, 0.0, 0.0, 0.0, 0.0, 1000.0, 12449.022567436023, 12.659819186658035, 52.67473695612566, 547.1819198924961, 25.05336772336524, 12.597980010364603, 18.7733378026982, 24.87249366268381, 1000, 1000, 43, 1000
1000, 40, 40.0, 40.0, 40.0, 40.0, 0.0, 0.0, 0.0, 0.0, 1000.0, 12359.38955729542, 12.832512210074164, 54.76033827037625, 612.6142102271656, 24.891931329422242, 12.57406839473273, 18.831068538579693, 25.008350701903247, 1000, 1000, 44, 1000
1000, 40, 40.0, 40.0, 40.0, 40.0, 0.0, 0.0, 0.0, 0.0, 1000.0, 12406.852357028243, 12.348803107390616, 57.09643565327846, 557.2328082384255, 24.93289535759516, 12.449666664393607, 18.893657245365706, 24.98278888141469, 1000, 1000, 45, 1000
1000, 40, 40.0, 40.0, 40.0, 40.0, 0.0, 0.0, 0.0, 0.0, 1000.0, 12425.590501815037, 12.244477469272624, 55.78073133387167, 577.3143204227192, 24.97025981620067, 12.530543886252135, 18.746803404665794, 24.977624825089066, 1000, 1000, 46, 1000
1000, 40, 40.0, 40.0, 40.0, 40.0, 0.0, 0.0, 0.0, 0.0, 1000.0, 12409.373968821877, 12.527561144903675, 55.48228683085118, 573.8722694389412, 24.909077316343378, 12.507753925672057, 18.74875839853575, 24.934497610780873, 1000, 1000, 47, 1000
1000, 40, 40.0, 40.0, 40.0, 40.0, 0.0, 0.0, 0.0, 0.0, 1000.0, 12316.062322233169, 13.04830720920205, 58.176019418173446, 612.1654307445924, 24.80141164632882, 12.506386213118642, 18.848878006373948, 24.992652284599504, 1000, 1000, 48, 1000
1000, 40, 40.0, 40.0, 40.0, 40.0, 0.0, 0.0, 0.0, 0.0, 1000.0, 12420.382303207996, 12.602615380819039, 55.1462362111628, 586.1466448258662, 24.870636229987824, 12.495968407112281, 18.750158397545327, 24.974440877970146, 1000, 1000, 49, 1000
1000, 40, 40.0, 40.0, 40.0, 40.0, 0.0, 0.0, 0.0, 0.0, 1000.0, 12417.867894493727, 12.544424701926944, 56.207386977143095, 572.6603675794308, 24.9806376710746, 12.535942960186201, 18.7384921973131, 25.106836890716767, 1000, 1000, 50, 1000
1000, 40, 40.0, 40.0, 40.0, 40.0, 0.0, 0.0, 0.0, 0.0, 1000.0, 12420.605318264968, 12.199563663404481, 53.416961256399, 585.2345558828376, 24.935420495029703, 12.517898461934418, 18.635086545000608, 24.96428989736542, 1000, 1000, 51, 1000
1000, 40, 40.0, 40.0, 40.0, 40.0, 0.0, 0.0, 0.0, 0.0, 1000.0, 12411.768886093447, 12.55782275498399, 56.86525848992638, 535.0670222310999, 25.012033499740138, 12.444786262553993, 18.770954480071083, 24.870717986035245, 1000, 1000, 52, 1000
1000, 40, 40.0, 40.0, 40.0, 40.0, 0.0, 0.0, 0.0, 0.0, 1000.0, 12329.831289044405, 12.865175748103312, 58.88714420067435, 611.8288055951223, 24.844334504153167, 12.539722977174337, 18.8442255304107, 24.984805990946644, 1000, 1000, 53, 1000
1000, 40, 40.0, 40.0, 40.0, 40.0, 0.0, 0.0, 0.0, 0.0, 1000.0, 12453.720954392424, 12.601736624747582, 53.03754870102856, 534.1234394993456, 24.970648531611058, 12.612482143394077, 18.760705588520423, 24.87456867104597, 1000, 1000, 54, 1000
1000, 40, 40.0, 40.0, 40.0, 40.0, 0.0, 0.0, 0.0, 0.0, 1000.0, 12429.822093474439, 13.429754891665384, 57.03793123825163, 615.3313622183636, 24.981247557085553, 12.560286425343675, 18.71220755215587, 25.061338028537122, 1000, 1000, 55, 1000
1000, 40, 40.0, 40.0, 40.0, 40.0, 0.0, 0.0, 0.0, 0.0, 1000.0, 12369.48513577603, 12.459194611669409, 53.5427109557111, 572.2420475209083, 24.93299091042235, 12.562839483300314, 18.685123887607702, 24.96425434307919, 1000, 1000, 56, 1000
1000, 40, 40.0, 40.0, 40.0, 40.0, 0.0, 0.0, 0.0, 0.0, 1000.0, 12457.686436902974, 12.423286929606741, 52.68999101441864, 581.4652386512723, 25.00637670185602, 12.586469410735765, 18.695684423534587, 25.086966368576153, 1000, 1000, 57, 1000
1000, 40, 40.0, 40.0, 40.0, 40.0, 0.0, 0.0, 0.0, 0.0, 1000.0, 12538.877839698041, 12.271548924713418, 50.71121371681212, 486.49087080625947, 25.12695152166884, 12.428366540206163, 18.624455795577713, 24.92051658028088, 1000, 1000, 58, 1000
1000, 40, 40.0, 40.0, 40.0, 40.0, 0.0, 0.0, 0.0, 0.0, 1000.0, 12366.267201326265, 12.692389573835209, 56.78577614285765, 562.3847847955626, 24.849764959051672, 12.5643595879748, 18.686209281868397, 25.030993205211452, 1000, 1000, 59, 1000
1000, 40, 40.0, 40.0, 40.0, 40.0, 0.0, 0.0, 0.0, 0.0, 1000.0, 12403.335738760838, 12.441615507606588, 57.25335049912651, 546.9249633917532, 24.844683498716407, 12.400781950916228, 18.722537891031706, 24.992851631758317, 1000, 1000, 60, 1000
1000, 40, 40.0, 40.0, 40.0, 40.0, 0.0, 0.0, 0.0, 0.0, 1000.0, 12385.614779239997, 11.835415209228108, 53.4627271003712, 553.0667120756931, 24.8894301716414, 12.491262620310533, 18.623266373925773, 24.974637308207047, 1000, 1000, 61, 1000
1000, 40, 40.0, 40.0, 40.0, 40.0, 0.0, 0.0, 0.0, 0.0, 1000.0, 12404.365272485105, 12.437189615028544, 55.62782782894169, 548.0999526565016, 24.971086096242658, 12.482167604157333, 18.752540966656323, 25.013163051808657, 1000, 1000, 62, 1000
1000, 40, 40.0, 40.0, 40.0, 40.0, 0.0, 0.0, 0.0, 0.0, 1000.0, 12471.778454444033, 12.065399903546929, 52.23326459809637, 576.4416979192097, 25.049436895239317, 12.484527307550689, 18.71287082120359, 25.019295445668927, 1000, 1000, 63, 1000
1000, 40, 40.0, 40.0, 40.0, 40.0, 0.0, 0.0, 0.0, 0.0, 1000.0, 12447.008527508015, 11.949020404495291, 56.95141737404082, 594.977332610595, 24.987393219886172, 12.490710388305526, 18.857932344822224, 25.066106363077125, 1000, 1000, 64, 1000
1000, 40, 40.0, 40.0, 40.0, 40.0, 0.0, 0.0, 0.0, 0.0, 1000.0, 12459.649124012403, 11.77056213452392, 55.41826355159873, 535.4343091828666, 25.05550110248744, 12.4039337335474, 18.8429962051643, 25.026898149986014, 1000, 1000, 65, 1000
1000, 40, 40.0, 40.0, 40.0, 40.0, 0.0, 0.0, 0.0, 0.0, 1000.0, 12382.32203242206, 12.440675393658644, 55.435011439713456, 563.6130935503262, 24.966405210228896, 12.586363866934393, 18.82793689832173, 25.03670615143712, 1000, 1000, 66, 1000
1000, 40, 40.0, 40.0, 40.0, 40.0, 0.0, 0.0, 0.0, 0.0, 1000.0, 12518.760492519543, 12.172262214215998, 55.15130452178187, 556.4384619774241, 25.042232232369045, 12.459783694895506, 18.92142960993652, 25.119103245460163, 1000, 1000, 67, 1000
1000, 40, 40.0, 40.0, 40.0, 40.0, 0.0, 0.0, 0.0, 0.0, 1000.0, 12413.191227774994, 12.186691708666313, 53.73058689355236, 576.4348984642936, 24.97589631948505, 12.489303444423353, 18.74478017384975, 24.968707204100482, 1000, 1000, 68, 1000
1000, 40, 40.0, 40.0, 40.0, 40.0, 0.0, 0.0, 0.0, 0.0, 1000.0, 12457.94119059803, 12.012319881276662, 55.4876486758854, 554.175127057216, 24.959138418854863, 12.456759142681712, 18.613750498574976, 24.91643616261649, 1000, 1000, 69, 1000
1000, 40, 40.0, 40.0, 40.0, 40.0, 0.0, 0.0, 0.0, 0.0, 1000.0, 12548.471773322208, 12.112395503654692, 52.81832396579859, 539.2361555297523, 25.16787364195901, 12.44256845773667, 18.697776680043628, 24.991918088261837, 1000, 1000, 70, 1000
1000, 40, 40.0, 40.0, 40.0, 40.0, 0.0, 0.0, 0.0, 0.0, 1000.0, 12477.064842311358, 12.15535091656313, 53.58062517028867, 579.2222732229161, 25.048247907842565, 12.404920592280137, 18.741069690613678, 25.013734531356693, 1000, 1000, 71, 1000
1000, 40, 40.0, 40.0, 40.0, 40.0, 0.0, 0.0, 0.0, 0.0, 1000.0, 12468.743235771883, 12.687970739502736, 54.650743080653776, 588.5700069697937, 24.999818485593593, 12.488315112938453, 18.776962683017505, 25.120863589789224, 1000, 1000, 72, 1000
1000, 40, 40.0, 40.0, 40.0, 40.0, 0.0, 0.0, 0.0, 0.0, 1000.0, 12469.911601870966, 12.35017452598816, 54.72773456248214, 572.9543571174515, 25.09222169394884, 12.563476482941304, 18.773180514230578, 25.034904049078705, 1000, 1000, 73, 1000
1000, 40, 40.0, 40.0, 40.0, 40.0, 0.0, 0.0, 0.0, 0.0, 1000.0, 12322.268930971997, 12.885162462692305, 59.292887988320125, 676.7293757038191, 24.80518704305793, 12.57582015066439, 18.77931463087014, 25.15598812781635, 1000, 1000, 74, 1000
1000, 40, 40.0, 40.0, 40.0, 40.0, 0.0, 0.0, 0.0, 0.0, 1000.0, 12417.994413764238, 12.367955866262157, 53.97820924015595, 588.9539815990188, 25.051234926080202, 12.544074980893315, 18.637949136686743, 25.065294060684426, 1000, 1000, 75, 1000
1000, 40, 40.0, 40.0, 40.0, 40.0, 0.0, 0.0, 0.0, 0.0, 1000.0, 12442.918322900137, 11.896336567626172, 53.331470678386104, 549.6559767653152, 24.978115372357184, 12.423252269841171, 18.65541948992109, 25.007996528923183, 1000, 1000, 76, 1000
1000, 40, 40.0, 40.0, 40.0, 40.0, 0.0, 0.0, 0.0, 0.0, 1000.0, 12391.362278986115, 12.487173221218793, 58.1410303256793, 586.7686348810452, 24.90893714067274, 12.46657154856456, 18.80533821809073, 25.000401713390907, 1000, 1000, 77, 1000
1000, 40, 40.0, 40.0, 40.0, 40.0, 0.0, 0.0, 0.0, 0.0, 1000.0, 12421.684687662095, 12.339536173360697, 54.354103866919814, 580.8960398006874, 24.951896110477016, 12.508263158231774, 18.893050124269937, 25.102410178697163, 1000, 1000, 78, 1000
1000, 40, 40.0, 40.0, 40.0, 40.0, 0.0, 0.0, 0.0, 0.0, 1000.0, 12452.71414898977, 12.573494929228968, 52.79875527836882, 618.3003279905626, 24.98064120081642, 12.53136552589408, 18.658002157808788, 25.08869736646267, 1000, 1000, 79, 1000
1000, 40, 40.0, 40.0, 40.0, 40.0, 0.0, 0.0, 0.0, 0.0, 1000.0, 12346.783067040034, 12.329396291051339, 56.30976238511973, 625.9954835719388, 24.803126302619795, 12.519752754924607, 18.80492131032041, 25.03032511625522, 1000, 1000, 80, 1000
1000, 40, 40.0, 40.0, 40.0, 40.0, 0.0, 0.0, 0.0, 0.0, 1000.0, 12374.3724009151, 12.129046024115953, 54.27629003789745, 645.6562448863301, 24.906685021179136, 12.588903827393024, 18.725040316475106, 25.228046649182403, 1000, 1000, 81, 1000
1000, 40, 40.0, 40.0, 40.0, 40.0, 0.0, 0.0, 0.0, 0.0, 1000.0, 12473.315841781361, 12.03646607004359, 54.34843514142313, 532.2824161537237, 25.03314168847682, 12.417783388912188, 18.69229993552407, 24.959573588884847, 1000, 1000, 82, 1000
1000, 40, 40.0, 40.0, 40.0, 40.0, 0.0, 0.0, 0.0, 0.0, 1000.0, 12385.087564338728, 12.47720758670642, 55.15776619208491, 563.5289868696811, 24.92100453031419, 12.486843373277786, 18.744936886398595, 25.039646493018463, 1000, 1000, 83, 1000
1000, 40, 40.0, 40.0, 40.0, 40.0, 0.0, 0.0, 0.0, 0.0, 1000.0, 12382.488179235259, 13.002281111203242, 58.349221869522516, 623.3160877658797, 24.932554430422673, 12.585890337396838, 18.7967720114095, 25.09325841972246, 1000, 1000, 84, 1000
1000, 40, 40.0, 40.0, 40.0, 40.0, 0.0, 0.0, 0.0, 0.0, 1000.0, 12399.964730250093, 12.399396090565608, 57.11800351029104, 568.5306486629851, 24.92471618843867, 12.460153439049552, 18.78693956284164, 24.931662054010893, 1000, 1000, 85, 1000
1000, 40, 40.0, 40.0, 40.0, 40.0, 0.0, 0.0, 0.0, 0.0, 1000.0, 12435.352772994509, 12.119298679207489, 55.48526659985301, 557.1241233335049, 25.001415378418287, 12.45822494734782, 18.812778769517735, 25.080627163861013, 1000, 1000, 86, 1000
1000, 40, 40.0, 40.0, 40.0, 40.0, 0.0, 0.0, 0.0, 0.0, 1000.0, 12462.30112960752, 12.444085164814535, 55.49020815197118, 537.9070091615664, 25.026245702957716, 12.478523966416487, 18.78803872920027, 24.943088335846365, 1000, 1000, 87, 1000
1000, 40, 40.0, 40.0, 40.0, 40.0, 0.0, 0.0, 0.0, 0.0, 1000.0, 12395.363185901086, 12.73671167695287, 57.518577511284164, 565.1267745950327, 24.842434078854613, 12.491704740862557, 18.826583417338572, 25.022601525960322, 1000, 1000, 88, 1000
1000, 40, 40.0, 40.0, 40.0, 40.0, 0.0, 0.0, 0.0, 0.0, 1000.0, 12445.281217994312, 12.538562783098003, 55.92041628899183, 536.3291621161272, 24.983973747388255, 12.495093306729148, 18.806767442828598, 24.973671513904204, 1000, 1000, 89, 1000
1000, 40, 40.0, 40.0, 40.0, 40.0, 0.0, 0.0, 0.0, 0.0, 1000.0, 12411.950831624597, 12.404215208128035, 52.584230659817315, 569.3567616466942, 24.959042660544565, 12.539516347710324, 18.739257472935805, 25.016373687258476, 1000, 1000, 90, 1000
1000, 40, 40.0, 40.0, 40.0, 40.0, 0.0, 0.0, 0.0, 0.0, 1000.0, 12447.402548468099, 12.404134624617623, 55.67734850130466, 544.1565207412541, 24.98550563310325, 12.426596439577711, 18.776674287068815, 25.017794265868798, 1000, 1000, 91, 1000
1000, 40, 40.0, 40.0, 40.0, 40.0, 0.0, 0.0, 0.0, 0.0, 1000.0, 12457.154044870496, 12.749121337923492, 52.937449103115924, 591.5285357078466, 25.032213474930163, 12.589355719605221, 18.84066300305951, 25.091090527374767, 1000, 1000, 92, 1000
1000, 40, 40.0, 40.0, 40.0, 40.0, 0.0, 0.0, 0.0, 0.0, 1000.0, 12425.477860107238, 12.341603538945156, 54.31730753339076, 605.3695225414866, 25.003195486222722, 12.582130976900478, 18.71189583186275, 25.074812047053946, 1000, 1000, 93, 1000
1000, 40, 40.0, 40.0, 40.0, 40.0, 0.0, 0.0, 0.0, 0.0, 1000.0, 12390.53007368871, 12.489682904421922, 55.17478087378169, 575.7727420072187, 24.905495679284723, 12.65047364368628, 18.68902719664502, 25.027290380369323, 1000, 1000, 94, 1000
1000, 40, 40.0, 40.0, 40.0, 40.0, 0.0, 0.0, 0.0, 0.0, 1000.0, 12394.118566664878, 12.314989258831808, 52.51946329771793, 631.1791818296748, 24.978673514694805, 12.58333473044293, 18.737618738015517, 25.18076987739015, 1000, 1000, 95, 1000
1000, 40, 40.0, 40.0, 40.0, 40.0, 0.0, 0.0, 0.0, 0.0, 1000.0, 12498.35649927056, 12.240623788480443, 55.50696207154267, 515.3891964631371, 25.064833151033145, 12.426766049966421, 18.712255448904536, 24.90775966876372, 1000, 1000, 96, 1000
1000, 40, 40.0, 40.0, 40.0, 40.0, 0.0, 0.0, 0.0, 0.0, 1000.0, 12439.161020637921, 12.652155179435228, 60.30501259699681, 554.1952947488312, 24.979843431343646, 12.465413856949944, 18.88328168149177, 24.89275117079493, 1000, 1000, 97, 1000
1000, 40, 40.0, 40.0, 40.0, 40.0, 0.0, 0.0, 0.0, 0.0, 1000.0, 12427.882865334022, 12.436094203269306, 51.91058023727591, 591.5555279090871, 24.996665896922163, 12.578983402132303, 18.699739651984135, 25.073397376391128, 1000, 1000, 98, 1000
1000, 40, 40.0, 40.0, 40.0, 40.0, 0.0, 0.0, 0.0, 0.0, 1000.0, 12468.035358407844, 12.21318559314891, 54.03816892702469, 579.0710397428204, 25.011920544911103, 12.460539747609353, 18.689491549150702, 25.149419374841923, 1000, 1000, 99, 1000
1000, 40, 40.0, 40.0, 40.0, 40.0, 0.0, 0.0, 0.0, 0.0, 1000.0, 12390.914652923984, 12.061167202387441, 51.97354253876554, 580.8738328878918, 24.935753514581684, 12.37861411247162, 18.60958517015649, 25.0716196851581, 1000, 1000, 100, 1000
