1000, 40, 1.0, 40.0, 40.0, 40.0, 0.0, 0.0, 0.0, 0.0, 1000.0, 501383.5526737336, 0.15740542639074684, 0.33523101058153304, 0.6279627250331756, 1005.1490326249394, 12.478389793206688, 18.65013966960481, 25.02430637625769, 1000, 1000, 40, 1000
1000, 40, 2.0, 40.0, 40.0, 40.0, 0.0, 0.0, 0.0, 0.0, 1000.0, 249580.90247429014, 0.32965173036573164, 0.7112452405123719, 1.3201275041665081, 499.91108463883154, 12.52958707951255, 18.646560594741068, 24.86576076120681, 1000, 1000, 40, 1000
1000, 40, 3.0, 40.0, 40.0, 40.0, 0.0, 0.0, 0.0, 0.0, 1000.0, 166383.13143869815, 0.5064876650722375, 1.1138669860407948, 2.02579672946922, 333.5302349168498, 12.590539396695974, 18.75184929766418, 25.04449307713609, 1000, 1000, 40, 1000
1000, 40, 4.0, 40.0, 40.0, 40.0, 0.0, 0.0, 0.0, 0.0, 1000.0, 124843.65238986193, 0.6455018150756195, 1.5613897609162573, 2.77803902639874, 250.02526138143617, 12.421957308740682, 18.88023288654797, 24.946761295364045, 1000, 1000, 40, 1000
1000, 40, 5.0, 40.0, 40.0, 40.0, 0.0, 0.0, 0.0, 0.0, 1000.0, 100627.75493071628, 0.8201138088718192, 1.9482080869918568, 3.530699486175941, 200.99844006949962, 12.559051189162787, 18.7595850701766, 25.0424335331136, 1000, 1000, 40, 1000
1000, 40, 6.0, 40.0, 40.0, 40.0, 0.0, 0.0, 0.0, 0.0, 1000.0, 82994.69803151455, 0.971991899252712, 2.4146056262192155, 4.363888902212067, 166.06383854580494, 12.360464836861093, 18.792684473400413, 24.939761405142896, 1000, 1000, 40, 1000
1000, 40, 7.0, 40.0, 40.0, 40.0, 0.0, 0.0, 0.0, 0.0, 1000.0, 71463.71161518394, 1.1910005157219155, 2.9080254881903533, 5.249967625692681, 142.8543689642669, 12.647037643185467, 18.905362730139835, 25.12346076310272, 1000, 1000, 40, 1000
1000, 40, 8.0, 40.0, 40.0, 40.0, 0.0, 0.0, 0.0, 0.0, 1000.0, 62429.02396368444, 1.3860891000899136, 3.2690325131639026, 6.290982549514324, 125.23107013159706, 12.46659008846299, 18.776718970748323, 25.12189870780593, 1000, 1000, 40, 1000
1000, 40, 9.0, 40.0, 40.0, 40.0, 0.0, 0.0, 0.0, 0.0, 1000.0, 55381.92960067764, 1.593856802098085, 3.8106162275295183, 7.295042125660947, 111.17945889761808, 12.48199068529643, 18.87224549054404, 25.035669166562915, 1000, 1000, 40, 1000
1000, 40, 10.0, 40.0, 40.0, 40.0, 0.0, 0.0, 0.0, 0.0, 1000.0, 49864.849544752695, 1.766382945056116, 4.3181304295422045, 8.436847776297583, 99.63334342308839, 12.438139748812027, 18.71122683743022, 25.080569065289783, 1000, 1000, 40, 1000
1000, 40, 11.0, 40.0, 40.0, 40.0, 0.0, 0.0, 0.0, 0.0, 1000.0, 45233.77441408269, 1.9881859716149453, 4.9108972543965255, 9.326648066722095, 90.56363251771688, 12.531258060566723, 18.81092827309428, 24.940527651983437, 1000, 1000, 40, 1000
1000, 40, 12.0, 40.0, 40.0, 40.0, 0.0, 0.0, 0.0, 0.0, 1000.0, 41504.90806295245, 2.238695902497178, 5.360841450174439, 10.50987059856976, 83.45675958404449, 12.55516443297108, 18.615864672240573, 25.019047807152273, 1000, 1000, 40, 1000
1000, 40, 13.0, 40.0, 40.0, 40.0, 0.0, 0.0, 0.0, 0.0, 1000.0, 38489.616761275895, 2.3825497151037878, 6.092939458943942, 11.974522393242717, 77.16241753275622, 12.494243170077777, 18.797495254312096, 25.047802031306972, 1000, 1000, 40, 1000
1000, 40, 14.0, 40.0, 40.0, 40.0, 0.0, 0.0, 0.0, 0.0, 1000.0, 35539.38465434105, 2.7358324433863634, 6.624798519639337, 13.576010008335324, 71.26980378630172, 12.547838637265004, 18.693187881347857, 24.958636453131454, 1000, 1000, 40, 1000
1000, 40, 15.0, 40.0, 40.0, 40.0, 0.0, 0.0, 0.0, 0.0, 1000.0, 33571.65648292934, 2.899396948716111, 7.214408203175303, 14.654861974877454, 67.03763258921585, 12.579092207840842, 18.687855688862676, 24.926739116000203, 1000, 1000, 40, 1000
1000, 40, 16.0, 40.0, 40.0, 40.0, 0.0, 0.0, 0.0, 0.0, 1000.0, 31037.079834657892, 3.1658928839034854, 8.021727864032847, 17.000092859000596, 62.23434815003841, 12.562580685179675, 18.750737192976597, 25.000416978326548, 1000, 1000, 40, 1000
1000, 40, 17.0, 40.0, 40.0, 40.0, 0.0, 0.0, 0.0, 0.0, 1000.0, 29256.27799267759, 3.4526740279706893, 8.812228023465929, 18.24792595795493, 58.83989701714447, 12.577653814773255, 18.855789366822613, 25.07675903859804, 1000, 1000, 40, 1000
1000, 40, 18.0, 40.0, 40.0, 40.0, 0.0, 0.0, 0.0, 0.0, 1000.0, 27562.011054531784, 3.609098234233642, 9.816293888041665, 20.258748652581847, 55.43536247973524, 12.440321350916149, 18.83847021752893, 24.894001593393497, 1000, 1000, 40, 1000
1000, 40, 19.0, 40.0, 40.0, 40.0, 0.0, 0.0, 0.0, 0.0, 1000.0, 26297.359701094436, 4.066840387048813, 10.374608809743336, 21.31626788582483, 52.79453869267936, 12.611030667722007, 18.78421375224501, 24.812338885735695, 1000, 1000, 40, 1000
1000, 40, 20.0, 40.0, 40.0, 40.0, 0.0, 0.0, 0.0, 0.0, 1000.0, 24785.725179039804, 4.210164112652878, 11.349620934947326, 25.38507397712296, 49.7784863890419, 12.535830492239214, 18.792973376030663, 25.016116214035513, 1000, 1000, 40, 1000
1000, 40, 21.0, 40.0, 40.0, 40.0, 0.0, 0.0, 0.0, 0.0, 1000.0, 23788.136315604163, 4.416965077766732, 12.173566885642217, 27.348988054604042, 47.7096159331666, 12.467760159143088, 18.769478835356075, 24.999217322469978, 1000, 1000, 40, 1000
1000, 40, 22.0, 40.0, 40.0, 40.0, 0.0, 0.0, 0.0, 0.0, 1000.0, 22539.94731123814, 4.730575824227071, 13.292215982769978, 29.945572625339768, 45.26402171658859, 12.545163712529895, 18.778081018594538, 24.984877213034288, 1000, 1000, 40, 1000
1000, 40, 23.0, 40.0, 40.0, 40.0, 0.0, 0.0, 0.0, 0.0, 1000.0, 21664.020346655747, 5.233604593565416, 14.239679797481276, 34.37901499974541, 43.50282869635754, 12.489815809537298, 18.71407014066114, 25.039421455813066, 1000, 1000, 40, 1000
1000, 40, 24.0, 40.0, 40.0, 40.0, 0.0, 0.0, 0.0, 0.0, 1000.0, 20794.166466403683, 5.275053478407371, 14.830785931201175, 37.31403665548713, 41.6796424484671, 12.450155622826117, 18.628708110067787, 25.01750707542536, 1000, 1000, 40, 1000
1000, 40, 25.0, 40.0, 40.0, 40.0, 0.0, 0.0, 0.0, 0.0, 1000.0, 19987.55224584267, 5.600200886574914, 16.83330724355112, 41.091684773534396, 39.92793006124633, 12.39835338454862, 18.742050269257994, 25.01726068093914, 1000, 1000, 40, 1000
1000, 40, 26.0, 40.0, 40.0, 40.0, 0.0, 0.0, 0.0, 0.0, 1000.0, 19213.530267945043, 5.956806546144794, 17.43317645785197, 46.609374497973604, 38.50357952136139, 12.499763899590873, 18.724699487702892, 25.04919912546217, 1000, 1000, 40, 1000
1000, 40, 27.0, 40.0, 40.0, 40.0, 0.0, 0.0, 0.0, 0.0, 1000.0, 18402.76267025374, 6.307099149412235, 19.254610053208953, 49.959556133089755, 36.94065519600515, 12.367190473532721, 18.742331452462196, 24.853989642785926, 1000, 1000, 40, 1000
1000, 40, 28.0, 40.0, 40.0, 40.0, 0.0, 0.0, 0.0, 0.0, 1000.0, 17800.234112201942, 6.7757643496918005, 20.79080075822933, 57.42426531936146, 35.73577254365769, 12.561056359170959, 18.67976983356617, 24.950636084942516, 1000, 1000, 40, 1000
1000, 40, 29.0, 40.0, 40.0, 40.0, 0.0, 0.0, 0.0, 0.0, 1000.0, 17147.05958349386, 7.058529543601833, 21.948017633496043, 66.92423033676864, 34.42646881440941, 12.464534020438991, 18.714783192301656, 25.016994426239208, 1000, 1000, 40, 1000
1000, 40, 30.0, 40.0, 40.0, 40.0, 0.0, 0.0, 0.0, 0.0, 1000.0, 16508.59621846957, 7.3897517066053044, 24.581003367701967, 75.23700722727331, 33.10413318505983, 12.480765308014618, 18.77030782418022, 25.108648487819067, 1000, 1000, 40, 1000
1000, 40, 31.0, 40.0, 40.0, 40.0, 0.0, 0.0, 0.0, 0.0, 1000.0, 16069.268829846997, 7.867379118154059, 25.196948514163704, 85.34846012533842, 32.30338506447035, 12.441677174898576, 18.750625918455178, 25.043098722381163, 1000, 1000, 40, 1000
1000, 40, 32.0, 40.0, 40.0, 40.0, 0.0, 0.0, 0.0, 0.0, 1000.0, 15695.088542064908, 8.019513395953606, 27.380302285684685, 94.86229754530996, 31.40388367048929, 12.439061407047252, 18.70844907711642, 25.156135166171207, 1000, 1000, 40, 1000
1000, 40, 33.0, 40.0, 40.0, 40.0, 0.0, 0.0, 0.0, 0.0, 1000.0, 15052.525657570832, 8.626280321046158, 29.637513534393605, 118.33808581946019, 30.338260979515443, 12.584397829426411, 18.71473232930522, 24.95974166144205, 1000, 1000, 40, 1000
1000, 40, 34.0, 40.0, 40.0, 40.0, 0.0, 0.0, 0.0, 0.0, 1000.0, 14638.913986692507, 9.491986725919139, 32.59886562788432, 142.84691983283182, 29.447296366578062, 12.58302412898963, 18.765412413507725, 25.071458333300303, 1000, 1000, 40, 1000
1000, 40, 35.0, 40.0, 40.0, 40.0, 0.0, 0.0, 0.0, 0.0, 1000.0, 14194.79693339856, 9.509859954759225, 35.71612629034653, 166.17243635929054, 28.564745369452048, 12.521171949266234, 18.780094003141897, 25.090470671994762, 1000, 1000, 40, 1000
1000, 40, 36.0, 40.0, 40.0, 40.0, 0.0, 0.0, 0.0, 0.0, 1000.0, 13839.836809969032, 10.36156777731697, 37.9472806544521, 186.3876856592432, 27.824751835734833, 12.509335612008181, 18.723643142016734, 24.953722399566345, 1000, 1000, 40, 1000
1000, 40, 37.0, 40.0, 40.0, 40.0, 0.0, 0.0, 0.0, 0.0, 1000.0, 13423.96924595213, 10.291071809907002, 41.75360617708157, 247.44142071785387, 26.94557131803056, 12.424105683246768, 18.74620108245049, 25.007962406474007, 1000, 1000, 40, 1000
1000, 40, 38.0, 40.0, 40.0, 40.0, 0.0, 0.0, 0.0, 0.0, 1000.0, 13205.158470535027, 10.714786895263664, 45.99160783496447, 292.8905108037179, 26.49735233222073, 12.429847943481393, 18.7685065600111, 25.020381218454318, 1000, 1000, 40, 1000
1000, 40, 39.0, 40.0, 40.0, 40.0, 0.0, 0.0, 0.0, 0.0, 1000.0, 12656.26457156956, 12.188253403564197, 50.95158059724101, 426.9263065734316, 25.483048577835074, 12.494630450502102, 18.790251315595253, 24.80537814679657, 1000, 1000, 40, 1000
1000, 40, 40.0, 40.0, 40.0, 40.0, 0.0, 0.0, 0.0, 0.0, 1000.0, 12447.520870039554, 12.585596494619761, 54.62733534775969, 569.6199113466827, 24.95242914357532, 12.488347729184676, 18.68011523860172, 25.026823934930345, 1000, 1000, 40, 1000
1000, 40, 41.0, 40.0, 40.0, 40.0, 0.0, 0.0, 0.0, 0.0, 1000.0, 12067.823088928522, 12.929367554876924, 65.92253414627373, 695.4514202407756, 24.197787140839637, 12.439814688649227, 18.80337426890484, 24.897019006908764, 1000, 1000, 40, 1000
1000, 40, 42.0, 40.0, 40.0, 40.0, 0.0, 0.0, 0.01, 0.0, 999.99, 11839.554860903914, 14.566880653988058, 65.90165235880063, 884.3937115242514, 23.7092011217805, 12.58229474491466, 18.59451085880042, 24.987321031511115, 1000, 1000, 40, 1000
1000, 40, 43.0, 40.0, 40.0, 40.0, 0.0, 0.0, 0.0, 0.0, 1000.0, 11573.331250865767, 14.55397206871801, 73.05645632213628, 1024.914982319823, 23.24416149953103, 12.492488474858558, 18.788859723916445, 24.853482778586628, 1000, 1000, 40, 1000
1000, 40, 44.0, 40.0, 40.0, 40.0, 0.0, 0.0, 0.04, 0.0, 999.96, 11314.451779381863, 15.287911770836997, 84.14878560617761, 1237.0662500845378, 22.722774043342362, 12.468047454639166, 18.61361389214814, 24.878006910479073, 1000, 1000, 40, 1000
1000, 40, 45.0, 40.0, 40.0, 40.0, 0.0, 0.0, 0.12, 0.0, 999.88, 11034.48458729507, 16.238282607352666, 95.66451830482787, 1533.21026380765, 22.227879011911458, 12.609429387878752, 18.7810214655853, 24.996265411133027, 1000, 1000, 40, 1000
1000, 40, 46.0, 40.0, 40.0, 40.0, 0.0, 0.0, 0.37, 0.0, 999.63, 10821.060548461646, 16.601273649559953, 106.39599766039302, 1669.1115474479725, 21.744035174178677, 12.53528264194997, 18.673727764105024, 24.968592901937747, 1000, 1000, 40, 1000
1000, 40, 47.0, 40.0, 40.0, 40.0, 0.0, 0.0, 0.92, 0.0, 999.08, 10504.893096797141, 17.564036289655125, 137.09731755019868, 1977.6997141022582, 21.13949655915419, 12.360085657689076, 18.755450304451006, 25.011568805972985, 1000, 1000, 40, 1000
1000, 40, 48.0, 40.0, 40.0, 40.0, 0.0, 0.0, 0.84, 0.0, 999.16, 10430.587120964497, 18.11158354669837, 138.46444581900613, 2101.5156129653265, 20.983774361973197, 12.521593895880295, 18.69886965003078, 25.14797154359539, 1000, 1000, 40, 1000
1000, 40, 49.0, 40.0, 40.0, 40.0, 0.0, 0.0, 1.13, 0.0, 998.87, 10168.78920897808, 19.426225940511205, 159.88988373566136, 2247.5740460331276, 20.440902080280104, 12.487698455919459, 18.753537686252706, 25.026473333007374, 1000, 1000, 40, 1000
1000, 40, 50.0, 40.0, 40.0, 40.0, 0.0, 0.0, 1.7, 0.0, 998.3, 9983.370540480188, 21.003367528417975, 183.8077714488779, 2348.3874809105855, 20.047290630170863, 12.59634497688901, 18.644915994654717, 24.893295438029142, 1000, 1000, 40, 1000
1000, 40, 51.0, 40.0, 40.0, 40.0, 0.0, 0.0, 4.8, 0.0, 995.2, 9706.972493525414, 21.88659459604082, 209.8821929686649, 2579.5282044631517, 19.606300360422516, 12.556910923493101, 18.567829125452423, 24.963838400671534, 1000, 1000, 40, 1000
1000, 40, 52.0, 40.0, 40.0, 40.0, 0.0, 0.0, 7.48, 0.0, 992.52, 9511.258345244401, 23.520713452635988, 259.5877634273587, 2651.0590576602485, 19.130568833880428, 12.42009896814646, 18.52447199102806, 24.827172886955072, 1000, 1000, 40, 1000
1000, 40, 53.0, 40.0, 40.0, 40.0, 0.0, 0.0, 10.56, 0.0, 989.44, 9353.749953724928, 23.84933216697112, 285.4822049033186, 2781.896891412963, 18.853244743386355, 12.503490136206317, 18.57273257061203, 24.78133665508308, 1000, 1000, 40, 1000
1000, 40, 54.0, 40.0, 40.0, 40.0, 0.0, 0.0, 12.83, 0.0, 987.17, 9255.287064687926, 25.535899343547648, 299.8817393027483, 2804.387093164254, 18.603066429245168, 12.489204159187878, 18.36352656376265, 24.683562769562855, 1000, 1000, 40, 1000
1000, 40, 55.0, 40.0, 40.0, 40.0, 0.0, 0.0, 21.69, 0.0, 978.31, 9040.625048286345, 28.174284092112774, 343.3965555768622, 2868.555807487789, 18.194916535431318, 12.629435680969056, 18.262287046024852, 24.498766344198156, 1000, 1000, 40, 1000
1000, 40, 56.0, 40.0, 40.0, 40.0, 0.0, 0.0, 24.17, 0.0, 975.83, 8850.77823211667, 29.26780158885576, 354.57511951506706, 2978.8818930703937, 17.814174518770624, 12.436461408018246, 18.094466637865587, 24.355820929911616, 1000, 1000, 40, 1000
1000, 40, 57.0, 40.0, 40.0, 40.0, 0.0, 0.0, 34.29, 0.0, 965.71, 8708.194680376675, 30.566968253946712, 388.56469341321906, 2968.8596589136323, 17.51825669059888, 12.563346536509135, 17.923961815787674, 24.119252578067645, 1000, 1000, 40, 1000
1000, 40, 58.0, 40.0, 40.0, 40.0, 0.0, 0.0, 40.4, 0.0, 959.6, 8538.668146938808, 31.541053456369855, 409.9832731854425, 3042.203269477499, 17.223091522881187, 12.373101535673372, 17.640829340795065, 24.0935282105417, 1000, 1000, 40, 1000
1000, 40, 59.0, 40.0, 40.0, 40.0, 0.0, 0.0, 49.95, 0.0, 950.05, 8425.854185047063, 31.601000530812726, 431.1277375330568, 2993.917965428208, 16.920674591927167, 12.457998227192192, 17.444537321037206, 23.726074868477966, 1000, 1000, 40, 1000
1000, 40, 60.0, 40.0, 40.0, 40.0, 0.0, 0.0, 59.33, 0.0, 940.67, 8251.70233801634, 34.974987251948185, 447.27105443213355, 2977.2961880200937, 16.635779152421616, 12.516277127736107, 17.304368569802236, 23.50032882831083, 1000, 1000, 40, 1000
1000, 40, 61.0, 40.0, 40.0, 40.0, 0.0, 0.0, 67.43, 0.0, 932.57, 8159.187069308481, 38.0284769161991, 461.9970365517084, 2912.96287417956, 16.423339053029277, 12.444252631553457, 17.117781285906084, 23.284764279804232, 1000, 1000, 40, 1000
1000, 40, 62.0, 40.0, 40.0, 40.0, 0.0, 0.0, 82.28, 0.0, 917.72, 7969.182387195381, 42.70074795100773, 468.03036994093134, 2855.4932287259326, 16.09749310558245, 12.503284422164933, 16.829204907375846, 22.87190509602599, 1000, 1000, 40, 1000
1000, 40, 63.0, 40.0, 40.0, 40.0, 0.0, 0.0, 85.7, 0.0, 914.3, 7858.509297812822, 44.92966417469749, 468.7973276602269, 2958.117237649991, 15.862206244585332, 12.571472903294259, 16.650334153545323, 22.855221530067197, 1000, 1000, 40, 1000
1000, 40, 64.0, 40.0, 40.0, 40.0, 0.0, 0.0, 93.58, 0.0, 906.42, 7765.2346679695265, 46.222455512807095, 473.1176664890065, 2897.7010733270004, 15.680024338951123, 12.446100400423049, 16.447779722633637, 22.68434498696929, 1000, 1000, 40, 1000
1000, 40, 65.0, 40.0, 40.0, 40.0, 0.0, 0.0, 105.24, 0.0, 894.76, 7619.952622744147, 54.19372514959367, 473.63994950698486, 2859.4886510689016, 15.350677891433081, 12.520104990490784, 16.16538977450903, 22.438818147050327, 1000, 1000, 40, 1000
1000, 40, 66.0, 40.0, 40.0, 40.0, 0.0, 0.0, 113.94, 0.0, 886.06, 7523.314447303391, 59.24722754486483, 476.8391630272401, 2757.2721851844167, 15.115043401164279, 12.533031123610176, 15.960133333877929, 22.02763145890667, 1000, 1000, 40, 1000
1000, 40, 67.0, 40.0, 40.0, 40.0, 0.0, 0.0, 121.78, 0.0, 878.22, 7370.668869774983, 64.87584907920852, 478.58990668189335, 2886.9054031152627, 14.850960701172044, 12.45084925984835, 15.715370768581279, 22.101204702368474, 1000, 1000, 40, 1000
1000, 40, 68.0, 40.0, 40.0, 40.0, 0.0, 0.0, 122.37, 0.0, 877.63, 7327.543309170894, 60.64099818694201, 476.3978034474359, 2884.158210072463, 14.757329090108183, 12.48897536414975, 15.648604192036252, 21.908599377522336, 1000, 1000, 40, 1000
1000, 40, 69.0, 40.0, 40.0, 40.0, 0.0, 0.0, 129.08, 0.0, 870.92, 7234.658798930401, 67.36605015109645, 474.0833170544189, 2868.7246414905303, 14.596070939872721, 12.545288529306157, 15.503210878645707, 21.786561394360255, 1000, 1000, 40, 1000
1000, 40, 70.0, 40.0, 40.0, 40.0, 0.0, 0.0, 139.92, 0.0, 860.08, 7086.069189254407, 79.17696255207515, 475.42922645413995, 2845.521928235487, 14.297674221437864, 12.612821994017752, 15.222898471240024, 21.60462942946408, 1000, 1000, 40, 1000
1000, 40, 71.0, 40.0, 40.0, 40.0, 0.0, 0.0, 147.82, 0.0, 852.18, 7033.856956545122, 73.1192724501571, 472.78588403589777, 2731.004983875657, 14.150222975564871, 12.392457385598863, 15.100365971697418, 21.274563839686916, 1000, 1000, 40, 1000
1000, 40, 72.0, 40.0, 40.0, 40.0, 0.0, 0.0, 152.86, 0.0, 847.14, 6931.170607877031, 90.23998713152636, 468.0431115429826, 2711.288998477445, 13.99445859680922, 12.531057907055974, 14.934105021971392, 21.154626306639315, 1000, 1000, 40, 1000
1000, 40, 73.0, 40.0, 40.0, 40.0, 0.0, 0.0, 162.7, 0.0, 837.3, 6770.431304375059, 101.91451095835446, 460.73864331298944, 2702.3714219250674, 13.633292570211083, 12.449283472363753, 14.572196908784278, 20.865291678016845, 1000, 1000, 40, 1000
1000, 40, 74.0, 40.0, 40.0, 40.0, 0.0, 0.0, 167.99, 0.0, 832.01, 6676.096040227252, 110.76558132977124, 465.1957674830274, 2771.503772003273, 13.465979245917856, 12.528105563873032, 14.516875014629342, 20.907378265974607, 1000, 1000, 40, 1000
1000, 40, 75.0, 40.0, 40.0, 40.0, 0.0, 0.0, 177.36, 0.0, 822.64, 6603.92952069678, 112.10791626336413, 457.39959787343776, 2723.612328417204, 13.286588094368565, 12.451753807665911, 14.299527925644044, 20.728766299582567, 1000, 1000, 40, 1000
1000, 40, 76.0, 40.0, 40.0, 40.0, 0.0, 0.0, 184.84, 0.0, 815.16, 6548.892794312305, 124.81910563411913, 459.4019716892688, 2684.032347514799, 13.201450727771322, 12.502338054816123, 14.213075570790961, 20.476185441987568, 1000, 1000, 40, 1000
1000, 40, 77.0, 40.0, 40.0, 40.0, 0.0, 0.0, 185.36, 0.0, 814.64, 6457.156767238996, 135.03621155260097, 452.43597262560064, 2672.186432362015, 12.997291294327876, 12.376207085592611, 14.078356016912673, 20.405868424427112, 1000, 1000, 40, 1000
1000, 40, 78.0, 40.0, 40.0, 40.0, 0.0, 0.0, 193.99, 0.0, 806.01, 6329.165987041613, 162.42044862783942, 453.068277024791, 2623.876246597027, 12.80204647963325, 12.450033336047536, 13.921807963317029, 20.207807588885256, 1000, 1000, 40, 1000
1000, 40, 79.0, 40.0, 40.0, 40.0, 0.0, 0.0, 199.51, 0.0, 800.49, 6293.264684150844, 170.17886105975379, 449.64016745502084, 2506.912930882174, 12.704299392230213, 12.411895592415062, 13.81740414436249, 19.89738041201609, 1000, 1000, 40, 1000
1000, 40, 80.0, 40.0, 40.0, 40.0, 0.0, 0.0, 203.01, 0.0, 796.99, 6202.961994675519, 191.26947046485887, 447.86290379152854, 2563.8513740243097, 12.48900263423752, 12.474631026507112, 13.705872505785134, 19.884647569798254, 1000, 1000, 40, 1000
1000, 40, 81.0, 40.0, 40.0, 40.0, 0.0, 0.0, 208.86, 0.0, 791.14, 6093.967228375557, 216.67546885174258, 438.56954308966465, 2588.3644260863707, 12.271565738846236, 12.434686860152567, 13.48691902027765, 19.790116727605795, 1000, 1000, 40, 1000
1000, 40, 82.0, 40.0, 40.0, 40.0, 0.0, 0.0, 208.26, 0.0, 791.74, 6025.513321345571, 234.72081685639617, 436.28282653879165, 2584.8121180559756, 12.179546940023538, 12.446998277004882, 13.408518787241123, 19.721591618304327, 1000, 1000, 40, 1000
1000, 40, 83.0, 40.0, 40.0, 40.0, 0.0, 0.0, 211.04, 0.0, 788.96, 5975.523107384918, 263.54777818396616, 434.370788789762, 2542.713141353774, 12.052781034321361, 12.478444163837036, 13.349550049096761, 19.640805629475803, 1000, 1000, 40, 1000
1000, 40, 84.0, 40.0, 40.0, 40.0, 0.0, 0.0, 215.49, 0.0, 784.51, 5916.404256964201, 267.72388311084825, 434.56233796786336, 2450.8486867692664, 11.928721193450674, 12.405188860956594, 13.266322283777487, 19.423459850215274, 1000, 1000, 40, 1000
1000, 40, 85.0, 40.0, 40.0, 40.0, 0.0, 0.0, 224.25, 0.0, 775.75, 5832.415843337879, 275.72266867600024, 430.17631329755284, 2430.78805293057, 11.747769090398785, 12.423745871064709, 13.136096697948808, 19.280056831153132, 1000, 1000, 40, 1000
1000, 40, 86.0, 40.0, 40.0, 40.0, 0.0, 0.0, 226.1, 0.0, 773.9, 5787.157461122962, 311.2362672104915, 429.9603675917755, 2459.617067960589, 11.676004798953766, 12.493825902126538, 13.124756601099122, 19.35149078533959, 1000, 1000, 40, 1000
1000, 40, 87.0, 40.0, 40.0, 40.0, 0.0, 0.0, 231.78, 0.0, 768.22, 5685.996729511864, 345.49954604060616, 426.5300608024119, 2480.4527614437025, 11.482220499612147, 12.518683413709425, 13.018828827062096, 19.317579923904887, 1000, 1000, 40, 1000
1000, 40, 88.0, 40.0, 40.0, 40.0, 0.0, 0.0, 233.19, 0.0, 766.81, 5643.334581790912, 372.3599888340795, 423.2213391927963, 2450.319355183658, 11.399090556016048, 12.4790647673865, 12.965909673193591, 19.247294927641313, 1000, 1000, 40, 1000
1000, 40, 89.0, 40.0, 40.0, 40.0, 0.0, 0.0, 234.22, 0.0, 765.78, 5553.314288149649, 378.8875560480691, 419.04926906444837, 2528.4433325767877, 11.216313066438937, 12.47702743516959, 12.785488169338118, 19.24008881614086, 1000, 1000, 40, 1000
1000, 40, 90.0, 40.0, 40.0, 40.0, 0.0, 0.0, 233.81, 0.0, 766.19, 5460.880630020276, 470.22824228316694, 413.87959921391644, 2472.8167112818637, 11.061989911562168, 12.673954954969572, 12.842461900606843, 19.182896911677968, 1000, 1000, 40, 1000
1000, 40, 91.0, 40.0, 40.0, 40.0, 0.0, 0.0, 235.77, 0.0, 764.23, 5458.517813554325, 461.26541346659326, 416.03975329922804, 2438.9518233321987, 11.022693383224144, 12.587939908111393, 12.818566953633395, 19.128316674444992, 1000, 1000, 40, 1000
1000, 40, 92.0, 40.0, 40.0, 40.0, 0.0, 0.0, 240.39, 0.0, 759.61, 5351.9153229001895, 496.17877852398567, 409.0579898807968, 2407.8027764093417, 10.840188847406889, 12.55128042117975, 12.680895042920682, 18.946977184489384, 1000, 1000, 40, 1000
1000, 40, 93.0, 40.0, 40.0, 40.0, 0.0, 0.0, 246.85, 0.0, 753.15, 5310.264099452155, 485.29808776390763, 409.51204214721076, 2331.119037819921, 10.755445721814331, 12.453819216914889, 12.614735937384973, 18.768257703541863, 1000, 1000, 40, 1000
1000, 40, 94.0, 40.0, 40.0, 40.0, 0.0, 0.0, 247.84, 0.0, 752.16, 5246.604339786123, 520.3330268778147, 401.9205626612409, 2387.536745580714, 10.598732606148035, 12.508734552770598, 12.502758938135209, 18.835987604336925, 1000, 1000, 40, 1000
1000, 40, 95.0, 40.0, 40.0, 40.0, 0.0, 0.0, 252.54, 0.0, 747.46, 5183.362410745578, 541.1944871232772, 399.97619410482633, 2365.759490058234, 10.47268349583134, 12.418215916912306, 12.443442568056268, 18.747181196545526, 1000, 1000, 40, 1000
1000, 40, 96.0, 40.0, 40.0, 40.0, 0.0, 0.0, 251.84, 0.0, 748.16, 5140.104373944446, 584.4956341637971, 397.41419546245044, 2309.1900741547843, 10.420756814456498, 12.515986831055313, 12.425492492254785, 18.67415791625781, 1000, 1000, 40, 1000
1000, 40, 97.0, 40.0, 40.0, 40.0, 0.0, 0.0, 258.87, 0.0, 741.13, 5132.642900862852, 574.6205559290124, 395.5003108241384, 2281.0277911101884, 10.354878764449433, 12.40122995269599, 12.324380721073071, 18.53201117361993, 1000, 1000, 40, 1000
1000, 40, 98.0, 40.0, 40.0, 40.0, 0.0, 0.0, 256.01, 0.0, 743.99, 5056.95443913667, 604.2123186131905, 393.4486332926491, 2334.34986718058, 10.25528134157184, 12.43955335934737, 12.304888308661546, 18.6528643398325, 1000, 1000, 40, 1000
1000, 40, 99.0, 40.0, 40.0, 40.0, 0.0, 0.0, 260.2, 0.0, 739.8, 5025.723593180266, 606.5278327947512, 392.98540528493265, 2288.46354498331, 10.15323894331367, 12.363934391474109, 12.272765631516686, 18.471783597400748, 1000, 1000, 40, 1000
1000, 40, 100.0, 40.0, 40.0, 40.0, 0.0, 0.0, 263.32, 0.0, 736.68, 4922.171096370044, 683.9278040439801, 386.3003260325992, 2301.7281949841667, 9.9714176924077, 12.516583471784358, 12.197313994722181, 18.55689207699604, 1000, 1000, 40, 1000
