1000, 10, 77, 10, 10, 10, 0.0, 0.0, 360.53, 0.0, 639.47, 6295.049250085698, 9247.934399266704, 115.23016828764443, 6956.663627472573, 13.00340405518951, 49.82197254568789, 13.968676408316922, 63.77033363010062, 1000, 1000, 10, 1000
1000, 10, 27, 10, 10, 10, 0.0, 0.0, 130.61, 0.0, 869.39, 18237.866478892836, 3375.1000387359936, 238.8688088354142, 18190.201550595688, 36.89415870968413, 50.03453855480542, 36.94525634547105, 86.85418906814424, 1000, 1000, 10, 1000
1000, 10, 15, 10, 10, 10, 0.0, 0.0, 7.57, 0.0, 992.43, 32889.288166348946, 148.69042705318748, 117.6847924131507, 16057.520037494536, 66.31886128191066, 49.99757915091289, 49.29919878474164, 99.25633176793649, 1000, 1000, 10, 1000
1000, 10, 92, 10, 10, 10, 0.0, 0.0, 384.99, 0.0, 615.01, 5193.017490656744, 9658.671797027611, 97.44277015515077, 5838.232697759067, 10.835078752684192, 49.64513748684563, 11.758044252344824, 61.25151906970295, 1000, 1000, 10, 1000
1000, 10, 50, 10, 10, 10, 0.0, 0.0, 292.21, 0.0, 707.79, 9759.113883509679, 7509.503878102949, 167.02388851922626, 10263.752059632823, 19.93363301472791, 49.937622457492054, 20.82524372226026, 70.61606181591692, 1000, 1000, 10, 1000
1000, 10, 35, 10, 10, 10, 0.0, 0.0, 205.34, 0.0, 794.66, 14135.450037239369, 5370.602353684109, 217.30433307466956, 14955.050557750767, 28.60876083478827, 49.93981250273324, 29.268058085482927, 79.88928173277037, 1000, 1000, 10, 1000
1000, 10, 66, 10, 10, 10, 0.0, 0.0, 336.06, 0.0, 663.94, 7410.821630415186, 8835.011830243915, 132.17088535803268, 8221.66606889449, 15.223180012889777, 50.31068564827884, 16.14650493056738, 66.74131777616533, 1000, 1000, 10, 1000
1000, 10, 11, 10, 10, 10, 0.0, 0.0, 0.45, 0.0, 999.55, 45334.10217353991, 59.147072330025324, 58.68505833175151, 5073.483447540448, 91.05862883301063, 49.626325508227126, 49.83654611477719, 99.73434349817829, 1000, 1000, 10, 1000
1000, 10, 36, 10, 10, 10, 0.0, 0.0, 214.33, 0.0, 785.67, 13648.758563614232, 5625.297629435009, 214.810451054872, 14256.890622134497, 27.6404499285435, 50.201074926487735, 28.429401913380417, 78.56495513752166, 1000, 1000, 10, 1000
1000, 10, 25, 10, 10, 10, 0.0, 0.0, 101.98, 0.0, 898.02, 19850.48955102604, 2639.742445045823, 239.99560412979216, 19452.127269848843, 40.22091094497978, 50.02645947841247, 39.83039853812623, 89.58521827746299, 1000, 1000, 10, 1000
1000, 10, 85, 10, 10, 10, 0.0, 0.0, 374.28, 0.0, 625.72, 5666.0092509376, 9538.591870671353, 104.75234120262532, 6096.652513672466, 11.719667714454024, 49.85766499027656, 12.654799497730455, 61.826765676401116, 1000, 1000, 10, 1000
1000, 10, 1, 10, 10, 10, 0.0, 0.0, 0.0, 0.0, 1000.0, 497923.88680048974, 2.6566582326227905, 2.6978730128105224, 11.138089206202476, 998.2729483027813, 50.01942954351446, 50.242652586755305, 100.19256776986906, 1000, 1000, 10, 1000
1000, 10, 43, 10, 10, 10, 0.0, 0.0, 262.95, 0.0, 737.05, 11432.04338233991, 6578.541974096094, 189.49359495778768, 11819.72174099284, 23.24715290710393, 49.61551315019747, 24.125751548020666, 73.71528351128482, 1000, 1000, 10, 1000
1000, 10, 22, 10, 10, 10, 0.0, 0.0, 69.34, 0.0, 930.66, 22393.88554722508, 1551.893656890049, 222.40366713269975, 20817.93104277219, 45.22903592654871, 49.95269938886644, 43.157787076855726, 93.38111404455842, 1000, 1000, 10, 1000
1000, 10, 5, 10, 10, 10, 0.0, 0.0, 0.0, 0.0, 1000.0, 99886.59408407337, 16.69305181577326, 16.798913095994987, 102.25036582388393, 199.62870935182048, 49.83926878748671, 49.91071084203659, 100.32724192835168, 1000, 1000, 10, 1000
1000, 10, 98, 10, 10, 10, 0.0, 0.0, 387.34, 0.0, 612.66, 4912.896655425863, 9884.831328443162, 92.64484850200631, 5661.27722515518, 10.241093578915036, 49.710955536475964, 11.24582460231009, 61.19094839426014, 1000, 1000, 10, 1000
1000, 10, 32, 10, 10, 10, 0.0, 0.0, 184.0, 0.0, 816.0, 15433.791688528076, 4682.746243742581, 229.1561882290381, 15711.182080192168, 31.172393704520296, 49.910886731763995, 31.77080442914312, 81.56163587352212, 1000, 1000, 10, 1000
1000, 10, 53, 10, 10, 10, 0.0, 0.0, 303.0, 0.0, 697.0, 9254.88673841904, 7769.045073915523, 159.98360209578877, 9996.22141693628, 18.8988766507839, 49.756916980290654, 19.80349946431037, 69.978641839251, 1000, 1000, 10, 1000
1000, 10, 37, 10, 10, 10, 0.0, 0.0, 223.29, 0.0, 776.71, 13240.928974489596, 5903.827884499735, 210.6455000242953, 13515.623529791139, 26.952826028674313, 50.0667969541444, 27.740985056847368, 77.34484122214874, 1000, 1000, 10, 1000
1000, 10, 79, 10, 10, 10, 0.0, 0.0, 364.94, 0.0, 635.06, 6122.786403782126, 9379.99404953721, 112.15903490211699, 6735.783367809537, 12.650373664291944, 50.31591768841501, 13.5842813783487, 63.23135362075182, 1000, 1000, 10, 1000
1000, 10, 48, 10, 10, 10, 0.0, 0.0, 281.01, 0.0, 718.99, 10288.08982212583, 7340.564574966215, 174.16045982951584, 10955.698134424492, 20.92515980104522, 50.05578784200323, 21.775827429689162, 71.88698636319795, 1000, 1000, 10, 1000
1000, 10, 91, 10, 10, 10, 0.0, 0.0, 381.64, 0.0, 618.36, 5318.12565753273, 9721.951641838707, 99.03614530044153, 5859.21372224793, 11.0381847997778, 49.944419813407656, 11.996104211895817, 61.71257050279119, 1000, 1000, 10, 1000
1000, 10, 99, 10, 10, 10, 0.0, 0.0, 389.77, 0.0, 610.23, 4829.301203693682, 9925.844112466433, 91.1769474835526, 5464.914802648993, 10.077616312012907, 49.77862778100237, 11.00721140045968, 60.71273955994462, 1000, 1000, 10, 1000
1000, 10, 18, 10, 10, 10, 0.0, 0.0, 23.16, 0.0, 976.84, 27663.426663060334, 394.2533123032876, 166.89112323910766, 19896.82561910212, 55.72899562624249, 50.37367814786395, 47.45428802708622, 97.51070280550351, 1000, 1000, 10, 1000
1000, 10, 63, 10, 10, 10, 0.0, 0.0, 332.22, 0.0, 667.78, 7680.1606197513065, 8510.92108407166, 136.51680473050385, 8435.546333371349, 15.753969944893454, 50.032322216381246, 16.69138626923043, 66.77580150161764, 1000, 1000, 10, 1000
1000, 10, 33, 10, 10, 10, 0.0, 0.0, 190.11, 0.0, 809.89, 14951.352084712309, 4955.601394030292, 224.88644665758093, 15611.022886987508, 30.340781989089272, 49.98249647145166, 31.024041063999793, 81.04092150865864, 1000, 1000, 10, 1000
1000, 10, 31, 10, 10, 10, 0.0, 0.0, 169.05, 0.0, 830.95, 15886.974944055108, 4484.228080298514, 231.239682796125, 16590.823299108375, 32.27708426688978, 50.01206236058878, 32.816530097621666, 83.380399765097, 1000, 1000, 10, 1000
1000, 10, 36, 10, 10, 10, 0.0, 0.0, 212.76, 0.0, 787.24, 13727.515549447038, 5523.331813521965, 213.75449776724855, 14517.460325421638, 27.788417853430616, 49.93873645981561, 28.4664694080045, 78.93953270865325, 1000, 1000, 10, 1000
1000, 10, 48, 10, 10, 10, 0.0, 0.0, 286.39, 0.0, 713.61, 10228.838410892402, 7193.285079071474, 173.21497583480755, 10619.265184573918, 20.849710972958107, 49.71187970570441, 21.66851625124432, 71.03779800933295, 1000, 1000, 10, 1000
1000, 10, 57, 10, 10, 10, 0.0, 0.0, 317.26, 0.0, 682.74, 8529.16758194371, 8189.784497141203, 149.08695228559597, 9190.424675812865, 17.43539170233582, 50.12399344791239, 18.315907708140475, 68.70897226150898, 1000, 1000, 10, 1000
1000, 10, 58, 10, 10, 10, 0.0, 0.0, 318.75, 0.0, 681.25, 8419.832607760092, 8132.045935777129, 147.98985583789752, 9071.177852129376, 17.224909141647334, 49.99387744258278, 18.230254512681153, 67.9556306261771, 1000, 1000, 10, 1000
1000, 10, 81, 10, 10, 10, 0.0, 0.0, 364.74, 0.0, 635.26, 5989.492491016176, 9488.077970144632, 109.59041223056616, 6800.433587825971, 12.36197144298528, 50.16444140697294, 13.277926115812981, 63.77193843301145, 1000, 1000, 10, 1000
1000, 10, 35, 10, 10, 10, 0.0, 0.0, 208.53, 0.0, 791.47, 13974.075121781596, 5400.04811112361, 218.78768374350878, 14700.302685934843, 28.47583973597338, 49.62987474764206, 29.219987884048823, 79.5256804350898, 1000, 1000, 10, 1000
1000, 10, 5, 10, 10, 10, 0.0, 0.0, 0.0, 0.0, 1000.0, 99710.16705962592, 15.993208139683212, 16.456577141040732, 99.75784417571846, 200.66014884222741, 49.68206857284729, 49.97556454341809, 100.02881767276935, 1000, 1000, 10, 1000
1000, 10, 61, 10, 10, 10, 0.0, 0.0, 325.2, 0.0, 674.8, 8006.909901796086, 8434.616378470784, 141.63272676182774, 8799.187418956511, 16.426629998331435, 50.08120261892038, 17.405672814840052, 67.501374327577, 1000, 1000, 10, 1000
1000, 10, 38, 10, 10, 10, 0.0, 0.0, 229.29, 0.0, 770.71, 13032.79963108367, 5884.0968594535, 208.77183058776544, 13610.994935626553, 26.53527119754187, 50.02761021239153, 27.280601100466, 77.14649028915784, 1000, 1000, 10, 1000
1000, 10, 74, 10, 10, 10, 0.0, 0.0, 357.3, 0.0, 642.7, 6526.313259566113, 9036.355866275686, 118.54053496684483, 7147.994999486629, 13.457768030255622, 49.764212882500715, 14.39405655173759, 64.18757219305152, 1000, 1000, 10, 1000
1000, 10, 91, 10, 10, 10, 0.0, 0.0, 380.49, 0.0, 619.51, 5299.43251038729, 9700.871855889349, 99.5064879685324, 6299.126050928395, 11.032913576264258, 50.00418022207732, 12.043157824076527, 62.510734062539065, 1000, 1000, 10, 1000
1000, 10, 47, 10, 10, 10, 0.0, 0.0, 279.44, 0.0, 720.56, 10405.003522833365, 7163.959229877247, 175.61831461366975, 11171.784259746855, 21.177359414432807, 49.80891289184528, 22.014519646668667, 72.2917015105577, 1000, 1000, 10, 1000
1000, 10, 91, 10, 10, 10, 0.0, 0.0, 380.75, 0.0, 619.25, 5287.958407070008, 9791.730688736854, 98.86950092235409, 5862.315161549786, 10.998527036720986, 50.21978100981232, 11.952878709973112, 61.61785646649638, 1000, 1000, 10, 1000
1000, 10, 25, 10, 10, 10, 0.0, 0.0, 106.04, 0.0, 893.96, 19597.731468949787, 2744.0089693345917, 237.0456774188122, 19394.683146743842, 39.71274184679858, 50.03201382643469, 39.1926915542931, 89.29691806139688, 1000, 1000, 10, 1000
1000, 10, 48, 10, 10, 10, 0.0, 0.0, 278.46, 0.0, 721.54, 10219.5888039267, 7421.721446364855, 173.26130076240656, 10964.625412093148, 20.848410058906914, 50.242884091316334, 21.733511987145036, 72.36088333672272, 1000, 1000, 10, 1000
1000, 10, 66, 10, 10, 10, 0.0, 0.0, 335.48, 0.0, 664.52, 7399.157842440219, 8863.846700703742, 132.43589139297384, 8187.003663778893, 15.195817531463312, 50.610489491151895, 16.173129820591, 66.5276967587298, 1000, 1000, 10, 1000
1000, 10, 69, 10, 10, 10, 0.0, 0.0, 344.77, 0.0, 655.23, 7047.611056642482, 8868.2970407222, 126.77319945507729, 7681.47079368294, 14.514304593306436, 50.02289020917277, 15.446906002239928, 65.43403285786026, 1000, 1000, 10, 1000
1000, 10, 67, 10, 10, 10, 0.0, 0.0, 340.08, 0.0, 659.92, 7232.000908212652, 8825.594041091337, 129.93533060011998, 7952.881930625499, 14.90185746458257, 50.22748080487256, 15.833345961384527, 65.89579697235345, 1000, 1000, 10, 1000
1000, 10, 55, 10, 10, 10, 0.0, 0.0, 306.61, 0.0, 693.39, 8910.448384546431, 7877.886364785332, 155.2659229501556, 9809.64161336127, 18.237852229193066, 49.785015866254845, 19.169664298164548, 69.2893116895099, 1000, 1000, 10, 1000
1000, 10, 7, 10, 10, 10, 0.0, 0.0, 0.0, 0.0, 1000.0, 71163.08905011642, 27.265001621379138, 26.75837456841668, 233.26732626160333, 143.02422498037535, 50.37036899788737, 49.770495266868195, 100.12122585236028, 1000, 1000, 10, 1000
1000, 10, 9, 10, 10, 10, 0.0, 0.0, 0.03, 0.0, 999.97, 55175.626318065144, 39.13282433383757, 41.30666580236177, 817.6262582693043, 110.82654535911728, 50.06235584218865, 50.213066224228925, 99.97755145874295, 1000, 1000, 10, 1000
1000, 10, 75, 10, 10, 10, 0.0, 0.0, 361.74, 0.0, 638.26, 6469.783500693773, 8964.026601952324, 117.70247492354632, 7011.997869009143, 13.348717340133566, 49.476922866285506, 14.28879425434856, 63.682137632734886, 1000, 1000, 10, 1000
1000, 10, 79, 10, 10, 10, 0.0, 0.0, 366.52, 0.0, 633.48, 6100.24471203775, 9287.933127278526, 111.7586944276035, 6636.321360750959, 12.61478202214367, 49.84111684360949, 13.528315603836198, 63.09278512143409, 1000, 1000, 10, 1000
1000, 10, 47, 10, 10, 10, 0.0, 0.0, 277.24, 0.0, 722.76, 10436.231779591275, 7241.697509269999, 176.3138330938247, 10976.859651987255, 21.19385187490242, 49.97428630787834, 22.092625831992446, 72.05348967942639, 1000, 1000, 10, 1000
1000, 10, 65, 10, 10, 10, 0.0, 0.0, 337.8, 0.0, 662.2, 7513.570883419818, 8573.242805957538, 133.62642603986663, 8267.629596620094, 15.381593916936897, 49.76542250162506, 16.3334769164901, 66.31741812089518, 1000, 1000, 10, 1000
1000, 10, 91, 10, 10, 10, 0.0, 0.0, 385.23, 0.0, 614.77, 5253.274707380373, 9613.171000890015, 98.36999715942575, 5943.847703501282, 10.934376475291451, 49.57840070982665, 11.898324307795802, 61.548469158797786, 1000, 1000, 10, 1000
1000, 10, 67, 10, 10, 10, 0.0, 0.0, 339.94, 0.0, 660.06, 7252.222029713546, 8742.033760847033, 130.3716229125779, 8111.723261705629, 14.937650297268947, 49.736059569500554, 15.890714960108939, 66.30427935319437, 1000, 1000, 10, 1000
1000, 10, 43, 10, 10, 10, 0.0, 0.0, 260.67, 0.0, 739.33, 11423.161149109856, 6723.2082728938585, 189.53927791620126, 11857.270808302035, 23.293213735648735, 50.233672095232244, 24.106376620370284, 73.90873521241693, 1000, 1000, 10, 1000
1000, 10, 32, 10, 10, 10, 0.0, 0.0, 177.83, 0.0, 822.17, 15424.159221313388, 4852.203734795315, 227.84149966775098, 15892.495041674758, 31.304817088948795, 50.15228187946471, 31.891385895071803, 82.1568686339544, 1000, 1000, 10, 1000
1000, 10, 60, 10, 10, 10, 0.0, 0.0, 323.43, 0.0, 676.57, 8182.981238824108, 8414.933116272847, 143.71992340325488, 8658.516908838392, 16.732448392359277, 50.38850309042031, 17.644774105622258, 67.67444526306662, 1000, 1000, 10, 1000
1000, 10, 91, 10, 10, 10, 0.0, 0.0, 381.77, 0.0, 618.23, 5306.478386950167, 9803.921237839799, 98.86535165671589, 5662.562810456126, 10.988445426753312, 50.055773758698216, 11.964540670296582, 61.460621334505774, 1000, 1000, 10, 1000
1000, 10, 13, 10, 10, 10, 0.0, 0.0, 2.24, 0.0, 997.76, 38061.3970021224, 88.92826457007043, 83.33320412417196, 11488.466055282484, 76.51492629354512, 49.66406156301212, 49.23953954399158, 99.33317998305489, 1000, 1000, 10, 1000
1000, 10, 5, 10, 10, 10, 0.0, 0.0, 0.0, 0.0, 1000.0, 100098.36130110551, 17.055456297577678, 16.744788824747467, 99.12155173982646, 200.73240431777174, 50.24989133597361, 49.99775891399288, 100.49203929685739, 1000, 1000, 10, 1000
1000, 10, 53, 10, 10, 10, 0.0, 0.0, 301.68, 0.0, 698.32, 9188.12452365531, 7923.893254036761, 159.70490288140547, 9891.756811325475, 18.78603418932166, 50.1037833695816, 19.76857773110924, 70.0332113530566, 1000, 1000, 10, 1000
1000, 10, 22, 10, 10, 10, 0.0, 0.0, 67.38, 0.0, 932.62, 22558.83594548325, 1430.128020931058, 223.2833047904808, 20658.68395230816, 45.49742061689044, 49.82364421883212, 43.31180219249556, 93.43754596396865, 1000, 1000, 10, 1000
1000, 10, 67, 10, 10, 10, 0.0, 0.0, 336.28, 0.0, 663.72, 7236.814973822092, 8867.15591409822, 129.9197812464324, 8283.8522080128, 14.916172437820245, 50.388671302985195, 15.862511469044854, 66.56725738955949, 1000, 1000, 10, 1000
1000, 10, 78, 10, 10, 10, 0.0, 0.0, 361.49, 0.0, 638.51, 6194.133718503651, 9395.964557506552, 113.1647833884337, 7017.680174565675, 12.790185275457791, 50.317824077873226, 13.730874213836996, 64.08195732413822, 1000, 1000, 10, 1000
1000, 10, 68, 10, 10, 10, 0.0, 0.0, 346.6, 0.0, 653.4, 7173.168896400723, 8726.316132853995, 128.84228677875367, 7686.636411445827, 14.75872797116116, 49.694763898804574, 15.674014185129066, 65.00185405407036, 1000, 1000, 10, 1000
1000, 10, 66, 10, 10, 10, 0.0, 0.0, 341.37, 0.0, 658.63, 7358.212738938198, 8611.062777342955, 131.69668044956296, 7953.939261907551, 15.147998175053546, 49.56090810275833, 16.035257274995505, 65.60215101462457, 1000, 1000, 10, 1000
1000, 10, 100, 10, 10, 10, 0.0, 0.0, 391.77, 0.0, 608.23, 4774.6327904310665, 10045.154755880318, 89.98386940174696, 5357.950329322602, 9.950013176143068, 50.062730303750506, 10.921453690405361, 60.766344773920245, 1000, 1000, 10, 1000
1000, 10, 14, 10, 10, 10, 0.0, 0.0, 3.83, 0.0, 996.17, 35646.924589993774, 109.3445631798184, 100.66346208526492, 13850.914157581521, 71.62622409893744, 49.785244869606686, 49.75837093547103, 99.65090025277, 1000, 1000, 10, 1000
1000, 10, 25, 10, 10, 10, 0.0, 0.0, 108.2, 0.0, 891.8, 19626.75943878301, 2704.6722562827554, 238.8570649154531, 18953.081122511394, 39.78108527562289, 50.12519338561663, 39.33567107230027, 88.85473785806134, 1000, 1000, 10, 1000
1000, 10, 42, 10, 10, 10, 0.0, 0.0, 252.25, 0.0, 747.75, 11715.07188987069, 6560.879828429304, 192.65093027547698, 12372.835197964661, 23.842574704929362, 49.9718140760942, 24.6497719738282, 74.96722415870559, 1000, 1000, 10, 1000
1000, 10, 97, 10, 10, 10, 0.0, 0.0, 387.94, 0.0, 612.06, 4953.475155157978, 9915.675240082914, 92.89357581584869, 5581.2115517073125, 10.316363076296485, 49.920550762244986, 11.206840738682336, 61.158034610582945, 1000, 1000, 10, 1000
1000, 10, 29, 10, 10, 10, 0.0, 0.0, 153.18, 0.0, 846.82, 16906.631591773043, 3966.2304042928486, 238.1870463030735, 17341.46290931744, 34.33574083383896, 49.81670054713034, 34.73320938015657, 84.92038315509517, 1000, 1000, 10, 1000
1000, 10, 31, 10, 10, 10, 0.0, 0.0, 172.68, 0.0, 827.32, 15880.804686130317, 4585.704269606917, 231.6459277085469, 16211.2208212614, 32.12612736881544, 50.13614168606819, 32.65581642506718, 82.6261375864809, 1000, 1000, 10, 1000
1000, 10, 94, 10, 10, 10, 0.0, 0.0, 384.2, 0.0, 615.8, 5097.666973254914, 9855.11840961575, 95.49176950811055, 5869.897411720292, 10.608764657190655, 50.107016207795105, 11.547792300427002, 61.77585097839404, 1000, 1000, 10, 1000
1000, 10, 36, 10, 10, 10, 0.0, 0.0, 216.99, 0.0, 783.01, 13683.20117604794, 5646.524439076231, 215.66851876679172, 13880.573463275798, 27.75079152257319, 50.21868746055969, 28.48650388856109, 77.79436688947686, 1000, 1000, 10, 1000
1000, 10, 32, 10, 10, 10, 0.0, 0.0, 183.27, 0.0, 816.73, 15408.906234759985, 4687.240594693601, 229.65205113692787, 15717.240506971613, 31.254606660987644, 49.91331597420942, 31.89390329049927, 81.54182767819493, 1000, 1000, 10, 1000
1000, 10, 21, 10, 10, 10, 0.0, 0.0, 58.08, 0.0, 941.92, 23417.67127304075, 1126.1917188124844, 215.45790306416438, 21087.11945807476, 47.23555678299938, 49.65614716645154, 44.36119598752143, 94.31937056487253, 1000, 1000, 10, 1000
1000, 10, 6, 10, 10, 10, 0.0, 0.0, 0.0, 0.0, 1000.0, 83429.35263723419, 21.572913949285862, 21.590917006466224, 149.04123052005372, 167.2303110009763, 50.03095714669335, 50.28928296222904, 99.87606400511031, 1000, 1000, 10, 1000
1000, 10, 35, 10, 10, 10, 0.0, 0.0, 208.14, 0.0, 791.86, 13978.629959459759, 5543.264444982979, 217.7500988766784, 14578.901899136326, 28.416865717250577, 50.53143423405773, 29.181330120036478, 79.11511615354864, 1000, 1000, 10, 1000
1000, 10, 81, 10, 10, 10, 0.0, 0.0, 370.09, 0.0, 629.91, 5985.569617570549, 9348.231555534709, 110.00681158590102, 6728.577819497715, 12.367922988866406, 50.01808804086139, 13.316280391253784, 63.74848175003267, 1000, 1000, 10, 1000
1000, 10, 54, 10, 10, 10, 0.0, 0.0, 306.16, 0.0, 693.84, 9006.914378154106, 7941.784286010482, 156.06597070742976, 9682.21105789147, 18.395371915109003, 50.24059046204618, 19.264278295958217, 69.36449640743982, 1000, 1000, 10, 1000
1000, 10, 72, 10, 10, 10, 0.0, 0.0, 350.52, 0.0, 649.48, 6762.249709066145, 9097.955693576416, 122.76206877278875, 7405.421517800162, 13.917089935535653, 50.19435462766453, 14.934212621953936, 65.16217876240384, 1000, 1000, 10, 1000
1000, 10, 42, 10, 10, 10, 0.0, 0.0, 254.46, 0.0, 745.54, 11658.901503155781, 6660.843516322893, 192.75601084383155, 12176.034496199542, 23.723983832965782, 50.01243827033226, 24.590693568195164, 74.35428875953818, 1000, 1000, 10, 1000
1000, 10, 92, 10, 10, 10, 0.0, 0.0, 379.64, 0.0, 620.36, 5252.7307849440385, 9909.474751635846, 98.27195234747073, 5915.5175206920885, 10.921517602677648, 50.37282343445696, 11.88551576680934, 62.17228544533011, 1000, 1000, 10, 1000
1000, 10, 82, 10, 10, 10, 0.0, 0.0, 367.55, 0.0, 632.45, 5915.290051489727, 9338.123330194987, 108.76915333266496, 6712.95637020556, 12.231739718746637, 49.56125592014524, 13.179253922186895, 63.04524540131936, 1000, 1000, 10, 1000
1000, 10, 36, 10, 10, 10, 0.0, 0.0, 217.27, 0.0, 782.73, 13716.824368215937, 5493.170452151397, 214.05835781986548, 14417.938724313646, 27.7854094363164, 49.57760974483127, 28.471687595136387, 78.7375010731932, 1000, 1000, 10, 1000
1000, 10, 12, 10, 10, 10, 0.0, 0.0, 1.43, 0.0, 998.57, 41368.17509292981, 74.97101490332294, 71.81457584029995, 8507.450717907494, 83.19895446052617, 50.21466040487666, 49.67116568849364, 99.5856971297366, 1000, 1000, 10, 1000
1000, 10, 44, 10, 10, 10, 0.0, 0.0, 264.14, 0.0, 735.86, 11137.483107742279, 6988.776782972739, 185.5894342243777, 11637.979438566968, 22.64867925301199, 50.24440347516204, 23.549867814516716, 73.38377614814942, 1000, 1000, 10, 1000
1000, 10, 84, 10, 10, 10, 0.0, 0.0, 374.01, 0.0, 625.99, 5747.738811676202, 9518.102921784843, 106.25800855943102, 6236.841748842121, 11.891878688992826, 50.069352197063424, 12.843409770516896, 62.39471624302533, 1000, 1000, 10, 1000
1000, 10, 65, 10, 10, 10, 0.0, 0.0, 341.97, 0.0, 658.03, 7481.605496243337, 8616.30091060939, 133.9277121865351, 7834.856617472591, 15.363270590729211, 49.852588165807056, 16.315753456622033, 65.89171071070929, 1000, 1000, 10, 1000
1000, 10, 96, 10, 10, 10, 0.0, 0.0, 388.36, 0.0, 611.64, 5017.074816562486, 9667.234578649954, 94.36993410334233, 5877.415219925747, 10.421345089675876, 49.28733615388627, 11.412337628391946, 61.45415574197798, 1000, 1000, 10, 1000
1000, 10, 70, 10, 10, 10, 0.0, 0.0, 348.17, 0.0, 651.83, 6973.097490651703, 8848.534836944273, 125.21013039577768, 7664.066118764592, 14.30863099076672, 49.720230416987995, 15.250422194316284, 65.36875073480029, 1000, 1000, 10, 1000
1000, 10, 42, 10, 10, 10, 0.0, 0.0, 253.43, 0.0, 746.57, 11652.688788745809, 6728.7441825742335, 192.37463503607313, 12046.642295870879, 23.71797146959682, 50.34415508011723, 24.55213164964622, 74.47300330171582, 1000, 1000, 10, 1000
1000, 10, 96, 10, 10, 10, 0.0, 0.0, 387.11, 0.0, 612.89, 4984.027415843769, 9865.638618289264, 94.15891277636227, 5663.468537365104, 10.386709529346295, 49.89457716148772, 11.393289654682022, 61.38187360896878, 1000, 1000, 10, 1000
1000, 10, 79, 10, 10, 10, 0.0, 0.0, 362.31, 0.0, 637.69, 6128.320479459881, 9262.966886693299, 112.60068509601628, 7047.485796809661, 12.648572835222385, 49.86885460387969, 13.660516279274002, 63.83436115949277, 1000, 1000, 10, 1000
1000, 10, 5, 10, 10, 10, 0.0, 0.0, 0.0, 0.0, 1000.0, 99361.16215248674, 16.719883549206045, 16.547750191935172, 96.96542179410119, 199.23817989375667, 49.821869251174974, 50.121174221171984, 100.08957235880078, 1000, 1000, 10, 1000
1000, 10, 48, 10, 10, 10, 0.0, 0.0, 280.75, 0.0, 719.25, 10174.99662801684, 7391.4920230794205, 172.63535059175788, 10877.714948745219, 20.75349457771748, 50.216075608890016, 21.59216717136079, 71.67244570448565, 1000, 1000, 10, 1000
1000, 10, 77, 10, 10, 10, 0.0, 0.0, 360.12, 0.0, 639.88, 6280.623616831796, 9321.326665317853, 114.45903813676213, 6895.564714110163, 12.935824627999812, 49.845679199787384, 13.856340640027966, 63.78494755181682, 1000, 1000, 10, 1000
1000, 10, 75, 10, 10, 10, 0.0, 0.0, 356.17, 0.0, 643.83, 6475.067627057869, 9243.158300477486, 117.26455067369501, 7070.355385233751, 13.334509377591008, 50.00885614682476, 14.227185326040596, 64.28567843365296, 1000, 1000, 10, 1000
1000, 10, 92, 10, 10, 10, 0.0, 0.0, 383.24, 0.0, 616.76, 5227.005551795431, 9650.654473565008, 97.33350441929393, 5947.208741542307, 10.846585773517393, 49.780440655364494, 11.802894914700143, 61.68366366189759, 1000, 1000, 10, 1000
